{
  "0": {
    "precision": 0.5382165605095541,
    "recall": 0.597877358490566,
    "f1-score": 0.5664804469273743,
    "support": 848.0
  },
  "1": {
    "precision": 0.5748129675810474,
    "recall": 0.5145089285714286,
    "f1-score": 0.5429917550058893,
    "support": 896.0
  },
  "accuracy": 0.555045871559633,
  "macro avg": {
    "precision": 0.5565147640453008,
    "recall": 0.5561931435309972,
    "f1-score": 0.5547361009666318,
    "support": 1744.0
  },
  "weighted avg": {
    "precision": 0.5570183843261012,
    "recall": 0.555045871559633,
    "f1-score": 0.5544128620869784,
    "support": 1744.0
  }
}